125 16 33 43 33 38 39 34 20 
250 17 33 43 33 38 39 35 24 
162.5 18 33 38 39 36 44 36 26 
75 19 34 39 36 44 36 26 
112.5 21 34 39 38 33 43 33 18 
150 21 34 39 40 45 40 37 28 2 
187.5 23 35 39 40 41 40 38 32 13 
62.5 5 29 37 38 33 43 33 17 
100 26 36 44 36 39 37 29 5 
125 7 30 37 40 45 40 39 34 19 
162.5 21 34 39 38 33 43 33 18 
175 21 34 39 36 44 36 39 35 22 
125 3 28 37 40 45 40 38 32 13 
125 25 36 39 37 30 42 30 7 
137.5 26 36 44 36 39 36 25 
250 27 36 44 36 39 34 19 
100 18 33 43 33 38 31 10 
125 12 31 38 40 45 40 39 34 21 
237.5 23 35 39 40 45 40 37 28 3 
137.5 24 35 39 40 45 40 37 38 32 14 
125 15 32 38 39 36 44 36 25 
250 7 30 37 38 33 43 33 17 
175 9 30 37 38 33 43 33 18 
187.5 1 28 37 30 42 30 37 39 34 19 
75 1 28 37 40 45 40 39 34 21 
87.5 14 32 38 37 30 42 30 8 
200 14 32 38 33 43 33 18 
125 6 29 37 40 45 40 39 34 19 
62.5 7 30 42 30 37 39 34 21 
93.75 19 34 39 37 30 42 30 8 
150 1 28 37 38 40 41 40 38 31 10 
187.5 2 28 37 40 41 40 39 38 31 11 
125 3 28 37 38 40 41 40 38 32 13 
87.5 4 29 37 40 45 40 38 32 14 
85 5 29 37 40 45 40 39 38 32 15 
62.5 7 30 37 40 45 40 39 38 33 17 
25 9 30 37 39 40 45 40 38 33 18 
25 10 31 38 40 45 40 39 34 19 
75 12 31 38 39 40 45 40 37 28 1 
100 14 32 38 39 40 41 40 37 39 34 19 
187.5 16 33 38 40 41 40 39 34 20 
87.5 17 33 38 39 40 45 40 39 35 24 
75 18 33 38 37 40 41 40 39 36 26 
150 19 34 39 38 40 45 40 37 29 6 
75 21 34 39 40 45 40 37 30 8 
125 1 28 37 38 40 41 40 38 31 10 
125 2 28 37 40 41 40 38 31 11 
100 3 28 37 38 40 41 40 37 38 32 13 
137.5 4 29 37 38 40 45 40 38 32 14 
125 5 29 37 40 45 40 38 32 15 
112.5 7 30 37 40 45 40 38 33 17 
162.5 9 30 37 40 41 40 38 33 18 
125 10 31 38 40 45 40 39 34 19 
125 12 31 38 40 45 40 37 28 1 
175 14 32 38 37 39 40 41 40 37 39 34 19 
125 16 33 38 40 41 40 39 34 20 
187.5 17 33 38 40 45 40 39 35 24 
200 18 33 38 39 40 41 40 38 39 36 26 
125 19 34 39 40 45 40 37 29 6 
250 21 34 39 37 40 45 40 38 37 30 8 
212.5 21 34 39 40 45 40 39 35 22 
125 23 35 39 40 45 40 38 32 13 
187.5 25 36 39 38 40 45 40 38 33 17 
87.5 26 36 39 40 45 40 37 29 5 
125 27 36 39 40 41 40 37 30 9 
162.5 1 28 37 40 41 40 38 31 10 
125 12 31 38 37 40 41 40 38 31 11 
112.5 23 35 39 37 38 40 41 40 38 32 13 
162.5 4 29 37 40 45 40 38 32 14 
125 15 32 38 40 45 40 39 34 20 
125 27 36 39 40 45 40 39 38 33 17 
62.5 9 30 37 40 45 40 38 33 18 
125 10 31 38 40 45 40 37 39 34 19 
125 12 31 38 40 41 40 39 34 21 
100 14 32 38 40 45 40 39 34 19 
