1 10 1 150  1 0 41  10 
2 11 0 187  2 0 41  11 
3 13 1 125  1 0 41  13 
4 14 2 87  1 1 43  4 29 37 39 38 33 43 33 38 32 14 
5 15 3 85  2 2 45  5 29 37 38 40 45 40 39 37 38 32 15 
7 17 4 62  1 2 45  7 30 37 40 45 40 37 39 38 33 17 
9 18 4 25  1 2 42  9 30 42 30 37 40 39 38 33 18 
10 19 4 25  1 2 43  10 31 38 33 43 33 38 39 34 19 
12 1 3 75  2 2 42  12 31 38 40 37 30 42 30 37 28 1 
14 19 1 100  1 0 41  19 
16 20 0 187  2 0 41  20 
17 24 2 87  1 1 42  17 33 38 40 37 30 42 30 37 38 39 35 24 
18 26 1 75  1 0 41  26 
19 6 3 150  2 2 45  6 
21 8 2 75  1 1 45  21 34 39 40 45 40 39 38 37 30 8 
1 10 1 125  1 0 41  10 
2 11 0 125  2 0 41  11 
3 13 1 100  1 0 41  13 
4 14 2 137  1 1 45  14 
5 15 3 125  2 2 45  15 
7 17 4 112  1 2 45  17 
9 18 0 162  2 0 41  18 
10 19 4 125  1 2 45  19 
12 1 3 125  2 2 45  1 
14 19 1 175  1 0 41  19 
16 20 0 125  2 0 41  20 
17 24 2 187  1 1 45  24 
18 26 1 200  1 0 41  26 
19 6 3 125  2 2 45  6 
21 8 2 250  1 1 45  8 
21 22 2 212  1 1 45  22 
23 13 4 125  1 2 45  13 
25 17 2 187  1 1 45  17 
26 5 3 87  2 2 42  26 36 39 38 37 30 42 30 37 29 5 
27 9 1 125  1 0 41  9 
1 10 1 162  1 0 41  10 
12 11 0 125  2 0 41  11 
23 13 1 112  1 0 41  13 
4 14 2 162  1 1 45  14 
15 20 3 125  2 2 45  20 
27 17 4 125  1 2 45  17 
9 18 4 62  1 2 42  9 30 42 30 37 39 38 33 18 
10 19 2 125  1 1 45  19 
12 21 0 125  2 0 41  21 
14 19 2 100  1 1 45  19 
16 20 1 125  1 0 45  16 33 38 37 39 40 45 40 38 39 34 20 
17 24 4 250  1 2 43  24 
18 26 0 162  2 0 44  26 
19 26 3 75  2 2 42  19 34 39 38 40 37 30 42 30 37 39 36 26 
21 18 2 112  1 1 44  21 34 39 36 44 36 39 38 33 18 
21 2 2 150  1 1 45  2 
23 13 0 187  2 0 41  13 
5 17 2 62  1 1 42  5 29 37 30 42 30 37 39 38 33 17 
26 5 3 100  2 2 44  5 
7 19 1 125  1 0 45  19 
21 18 2 162  1 1 45  21 34 39 38 37 40 45 40 39 37 38 33 18 
21 22 1 175  1 0 44  22 
3 13 4 125  1 2 45  13 
25 7 2 125  1 1 42  7 
26 25 3 137  2 2 44  25 
27 19 1 250  1 0 44  19 
18 10 1 100  1 0 43  18 33 43 33 38 31 10 
12 21 0 125  2 0 45  21 
23 3 1 237  1 0 45  3 
24 14 2 137  1 1 45  14 
15 25 3 125  2 2 44  25 
7 17 0 250  2 0 43  17 
9 18 2 175  1 1 43  18 
1 19 2 187  1 1 42  19 
1 21 3 75  2 2 45  1 28 37 39 40 45 40 38 39 34 21 
14 8 2 87  1 1 42  8 
14 18 2 200  1 1 43  18 
6 19 2 125  1 1 45  19 
7 21 3 62  2 2 42  21 
19 8 2 93  1 1 42  8 
16 20 1 125  1 0 43  16 33 43 33 38 39 34 20 
17 24 4 250  1 2 45  17 33 38 40 45 40 39 35 24 
18 26 0 162.5  2 0 44  18 33 38 39 36 44 36 26 
19 26 3 75  2 2 44  19 34 39 36 44 36 26 
21 18 2 112.5  1 1 43  21 34 39 38 33 43 33 18 
21 2 2 150  1 1 44  21 34 39 36 44 36 39 37 28 2 
23 13 0 187.5  2 0 45  23 35 39 40 45 40 38 32 13 
5 17 2 62.5  1 1 43  5 29 37 38 33 43 33 17 
26 5 3 100  2 2 45  26 36 39 40 45 40 37 29 5 
7 19 1 125  1 0 42  7 30 42 30 37 39 34 19 
21 18 2 162.5  1 1 43  21 34 39 38 33 43 33 18 
21 22 1 175  1 0 41  21 34 39 40 41 40 39 35 22 
3 13 4 125  1 2 45  3 28 37 40 45 40 38 32 13 
25 7 2 125  1 1 42  25 36 39 37 30 42 30 7 
26 25 3 137.5  2 2 45  26 36 39 40 45 40 39 36 25 
27 19 1 250  1 0 44  27 36 44 36 39 34 19 
18 10 1 100  1 0 43  18 33 43 33 38 31 10 
12 21 0 125  2 0 45  12 31 38 40 45 40 39 34 21 
23 3 1 237.5  1 0 41  23 35 39 40 41 40 37 28 3 
24 14 2 137.5  1 1 44  24 35 39 36 44 36 39 38 32 14 
15 25 3 125  2 2 43  15 32 38 33 43 33 38 39 36 25 
7 17 0 250  2 0 42  7 30 42 30 37 38 33 17 
9 18 2 175  1 1 43  9 30 37 38 33 43 33 18 
1 19 2 187.5  1 1 42  1 28 37 30 42 30 37 39 34 19 
1 21 3 75  1 1 45  1 28 37 40 45 40 39 34 21 
14 8 2 87.5  1 1 42  14 32 38 37 30 42 30 8 
14 18 2 200  1 1 43  14 32 38 33 43 33 18 
6 19 2 125  1 1 44  6 29 37 39 36 44 36 39 34 19 
7 21 3 62.5  2 2 44  7 30 37 39 36 44 36 39 34 21 
19 8 2 93.75  1 1 42  19 34 39 37 30 42 30 8 
